Parameter,Value
Param_1,130
Param_2,116
Param_3,729
Param_4,287
Param_5,977
Param_6,407
Param_7,619
Param_8,462
Param_9,155
Param_10,627
Param_11,498
Param_12,757
Param_13,195
Param_14,259
Param_15,187
Param_16,666
Param_17,851
Param_18,100
Param_19,393
Param_20,953
Param_21,327
Param_22,359
Param_23,178
Param_24,108
Param_25,307
Param_26,567
Param_27,97
Param_28,638
Param_29,48
Param_30,761
Param_31,500
Param_32,213
Param_33,384
Param_34,439
Param_35,543
Param_36,301
Param_37,273
Param_38,565
Param_39,233
Param_40,297
Param_41,703
Param_42,765
Param_43,626
Param_44,332
Param_45,319
Param_46,725
Param_47,479
Param_48,449
Param_49,975
Param_50,289
Param_51,211
Param_52,545
Param_53,729
Param_54,334
Param_55,964
Param_56,931
Param_57,61
Param_58,997
Param_59,786
Param_60,814
Param_61,478
Param_62,150
Param_63,719
Param_64,656
Param_65,137
Param_66,257
Param_67,437
Param_68,92
Param_69,256
Param_70,26
Param_71,793
Param_72,345
Param_73,130
Param_74,817
Param_75,368
Param_76,186
Param_77,633
Param_78,98
Param_79,72
Param_80,19
Param_81,806
Param_82,148
Param_83,8
Param_84,479
Param_85,610
Param_86,714
Param_87,122
Param_88,663
Param_89,287
Param_90,145
Param_91,185
Param_92,133
Param_93,753
Param_94,681
Param_95,327
Param_96,934
Param_97,435
Param_98,163
Param_99,622
Param_100,474
